12	30	26	4	0	22	6		15	22	32	0	23	7		5	25	11		2	27	7	33	18	15	5	0	
16	9	18	7	20	25	0		5	33	9	1	36	28	23		
6	34	16	4	27	22			33	5	17		13	19	16		
8	21	20	24	20	12	20	32	3 5	2	4		5	19	15		
25	20			17	29	3		21	17	1		19	28			
26	31			9	26	31		33	10	11		5	27	34		
26	5	25		7	11	22		12	22	21		5	20			
1	30	16		8	25	4		23	14	36		0				
22	30	30		26	3	0		8	30	20		25	14			
14	3	26		31	27	27		33	10	36		0				
6	5	17		20	20	34		11	14	3		17				0				
34	29	25		6	29	24		34				13	17			
6	32	11		2	29	34		0	31	20		17	8	16		
6	31	0		12	2	8	5	36				9	11	30		
13	25			32	2	32		4	12			24	23			
10	35	21		8	27	27		33	0	17		0	15	3		
8	25	16		22	21	6		2	23	25		11	17	17		
29	34	18		22	10			34	5			14	2	17		
9	23	36		23				33	26	8		12	14	33		
29	11	2		28	2	15		31				14	28	0		
5	28			32	0	26		23	0			25	30	21		
14	1	13		0	16	8		21	17	9		25	19	10		
32	32	33		29	0			31	8	6		22	5			
2	4	21		14	27	20		25	28	14		10	2	14		
28	20	1		6	28	18		14	0	10		36	31	2		
21	35			25	5	34		
10	20	29		19	3	23		
34	0	13		32	21	34		
36	18	17		23	19	10		
2	33	27		20	32	4		
24	15	35		20	32	26		
8	16	4		31	19			
33	22			13	24	0		
16	7	36		15	28	19		
21	25	28		8	6	8		
14	19	16		23	29	16		
16	21	36		29	22	2		
28	17			25	27	6		
14	15	19		36	7			
29	24			21	11	20		
21	11	21		20				
2	15	12		35	18	1		
36	21	26		2	32	21	11	
22	21	13		21	9	17		
30	36	23		11	9	1		
14	15	21		18	31	1		
19	10			34	1	32		
35	31	0		6	9	26		
4	11	33		25	13	35		
20	28	28	28	14	34	13		
1	32	25		12	31	20		
14	2			0	7	34		
32	13	9		33	26	8	8	
24	9			20	32	3		
13	5	22		2	1	16	31	
33	7	12	21	33	20	6	33	
19	12			23	21	3	3	
0	15			4	35			
0	14			27	6	10		
22	35	9		24	10	8	4	
32	33	9	15	5	10	24	30	
23	8			6	18	26		
9	5	22		5	21	34		
3	24	25		23	26	24		
29	25	36		13	5	1	17	
14	6	26	0	4	5	14	24	
32	33	19		5	25	29		
5	12	17	17	11	25	23	32	
2	17	9	11	30	17			
12	12	29	17	12	2	2	10	35
0	27	11		23	16	34		
29	19	10		29	27	0		
9	24	24	14	8	31	3	9	24
14	6	29	5	35	21	24		
27	0	4		18	0	14	30	
1	1	33	21	4	20	30	3	
15	17	13	11	2	28	23	6	
24	33	17	28	10	21	20	13	
0	33	10.14		25	4	7	23	
0	32	19	34	28	26	20	10	
12	28	12	36	21	27	26		
28	5	22		34	0	11		
3	20	9	6	32	4	4	19	
15	21	9		31 34	30			
2	12	18	0	27 20	14	4	34	
10	8	16	25	8	28	30	5	
23	1	28	4	18	1	15	16	
12	27	25	22	23	25	6	7	
10	17	16	20	26	21	17	0	
30	13	9	28	26	18	16	21	
28	7	22	0	4	24	32	16	
29	0	9	33	11	3	18	12	
0	32	11		18	24	4	34	
3	14	3	34	23	36	0	20	
8	8	15	11	14				
27	16	25		27	14	12	19	
3	6	0	9	18	20	25	23	
34	33	1	14	19	13	17	29	
7	17	23	31	14	34	4	2	0
4	5	32	34	8	5			
19	5	24	14	0	35	2		
12	7	30	34	
