19 34 33 2 30 8 24 28 7 6 36 13 1 2 4 4 31 26 12 2 11 17 3 9 10

9 32 29 19 4 33 10 34  15  12  13  26  21  18  36  00  32  00

36  17  3 11  32  21  30  0  00  24 20  6  2  14

14 00  15  14  10  26  11  3  18  1  36  16  27
13  25  2  4  3  0  6  30  29  34  9  31  29  25  26  18  17  12  27


11  8  35  11  34 31 32 31  19  16  19  20  10  27  19  22  18  33  15  32  36
19  13  5  4  25  23

4  24  00  1  21  24  16  25  11  9 27 16 14 00  0  20  11  00  12  12
22  20  33  11  17  29  22  2  23   00 25 24 5 2 34 30 8 00 30 19 20 2 17  22
34 17 31 31 28 29 35 14 21 34 31 25 12 9 17 28 34
